   1  1  1 11    1  0  1  0  0 11      1    0    0    0    1    0    0    0    1
   1  1  1 11    1  0  1  0  1 11      1    0    0    0    1    0    0   -1    1
   1  1  1 11    1  0  1  0  2 11      1    0    0    0    1    0    0   -2    1
   1  1  1 11    1  0  1  0  3 11      1    0    0    0    1    0    0   -3    1
   1  1  1 11    1  0  1  0  5 11      1    0    0    0    1    0    0   -5    1
   1  1  1 11    1  0  1  0  7 11      1    0    0    0    1    0    0   -7    1
   1  1  1 11    1  0  1  0 10 11      1    0    0    0    1    0    0  -10    1
   1  1  1 11    1  0  1  1  2 11      1    0    0    0    1    0   -1   -2    1
   1  1  1 11    1  0  1  1  3 11      1    0    0    0    1    0   -1   -3    1
   1  1  1 11    1  0  1  1  4 11      1    0    0    0    1    0   -1   -4    1
   1  1  1 11    1  0  1  2  3 11      1    0    0    0    1    0   -2   -3    1
