# HNF                           Conc.       Number
  1 0 1 0 1 6                   1 3 2       420
  1 0 1 0 0 6                   4 2 0       5
  1 0 1 2 3 6                   1 0 5       96
  1 0 1 0 1 6                   2 4 0       124
  1 0 1 0 0 5                   2 3         6
  1 0 1 0 1 11                  5 6         823200
  1 0 3 0 0 3                   3 6         5304
  1 0 1 0 4 6                   0 4 2       1680
  1 0 1 0 4 6                   1 3 2       600
  1 0 1 3 4 8                   4 4         4666
  1 0 1 0 2 6                   0 3 3       300
  1 0 1 0 5 6                   0 0 6       87
  1 0 1 1 2 4                   1 3         4
  1 0 1 1 4 11                  4 7         2721600
  1 0 1 2 2 6                   3 2 1       40
  1 0 1 0 1 6                   0 1 5       76
  1 0 1 0 2 6                   2 2 2       600
  1 0 1 0 1 5                   2 3         10
  1 0 2 1 2 4                   2 6         3808
  1 0 1 0 5 6                   0 2 4       726
  1 0 1 0 0 6                   0 0 6       68
  1 0 1 0 5 6                   0 4 2       726
  1 0 1 0 2 8                   4 4         11760
  1 0 1 0 3 6                   5 1 0       1
  1 0 1 0 3 6                   4 0 2       10
  1 0 1 1 4 8                   2 6         1962
  1 0 1 1 3 6                   0 6 0       187
  1 0 1 2 7 10                  4 6         651840
  1 0 1 0 6 8                   4 4         11760
  1 0 1 2 5 9                   3 6         6724
  1 1 2 3 0 4                   4 4         4702
  1 0 1 0 0 6                   3 1 2       20
  1 0 1 0 4 9                   4 5         31360
  1 0 1 0 3 6                   1 2 3       600
  1 0 1 0 3 6                   2 1 3       60
  1 0 1 1 5 10                  5 5         68076
  1 0 1 2 3 6                   4 0 2       11
  1 0 1 1 3 6                   3 2 1       30
  1 0 1 2 3 6                   0 6 0       160
  1 0 1 0 5 6                   1 5 0       60
  1 0 1 2 5 9                   4 5         20160
  1 0 1 2 7 10                  3 7         29436
  1 0 1 0 3 6                   0 4 2       1680
  1 0 1 0 4 6                   3 0 3       20
  1 0 1 2 3 6                   2 1 3       62
  1 0 1 1 2 6                   0 2 4       2106
  1 0 1 2 2 6                   4 0 2       10
  1 0 1 0 3 6                   0 5 1       106
  1 0 1 0 1 10                  3 7         15156
  1 0 1 0 4 6                   5 1 0       1
  1 0 1 1 3 8                   3 5         1278
  1 0 1 1 2 11                  4 7         1629600
  1 0 1 0 2 9                   4 5         31360
  1 0 1 0 2 4                   2 2         6
  1 0 1 0 1 7                   3 4         228
  1 0 1 0 0 6                   0 4 2       600
  1 0 1 0 1 6                   0 0 6       127
  1 0 1 1 3 6                   6 0 0       1
  1 0 1 2 3 6                   0 5 1       96
  1 0 1 0 1 6                   2 1 3       46
  1 0 1 0 0 11                  3 8         117960
  1 0 1 1 3 8                   4 4         22680
  1 0 2 0 0 4                   3 5         712
  1 0 1 1 3 6                   4 1 1       3
  1 0 1 0 1 4                   2 2         5
  1 0 1 0 1 3                   1 2         3
  1 0 1 1 3 6                   0 3 3       272
  1 0 1 2 2 6                   0 5 1       106
  1 0 1 0 4 6                   1 4 1       306
  1 0 1 2 4 10                  3 7         45360
  1 0 1 1 2 6                   6 0 0       1
  1 0 1 0 8 10                  5 5         70560
  1 0 1 0 2 6                   3 3 0       20
  1 0 1 2 2 6                   4 2 0       10
  1 0 1 1 2 6                   2 2 2       780
  1 0 1 2 2 6                   0 2 4       1680
  1 0 1 0 3 6                   1 4 1       306
  1 0 1 4 5 10                  4 6         383040
  1 0 1 1 2 6                   4 1 1       3
  1 0 3 0 0 3                   4 5         15752
  1 0 1 1 2 6                   2 3 1       76
  1 0 1 2 3 11                  3 8         407940
  1 0 1 1 2 6                   0 3 3       392
  1 0 1 0 0 6                   1 2 3       240
  1 0 1 0 3 6                   3 3 0       20
  1 0 1 0 0 11                  5 6         470400
  1 0 1 1 2 9                   4 5         39200
  1 0 1 0 3 6                   2 0 4       168
  1 0 1 2 3 6                   2 3 1       62
  1 0 1 2 3 8                   4 4         7386
  1 0 1 2 2 6                   5 0 1       1
  1 0 1 0 8 10                  4 6         551040
  1 0 1 1 2 6                   1 1 4       396
  1 0 1 2 2 6                   1 5 0       106
  1 0 1 1 3 6                   0 1 5       96
  1 0 1 2 3 6                   1 4 1       276
  1 0 1 0 0 2                   1 1         1
  1 0 1 0 1 8                   4 4         7578
  1 0 1 1 3 6                   0 0 6       187
  1 0 1 0 1 6                   5 1 0       1
  1 0 1 0 0 6                   2 0 4       72
  1 0 1 0 0 6                   0 5 1       44
  1 0 3 1 0 3                   4 5         10116
  1 0 1 1 3 6                   1 1 4       276
  1 0 1 1 3 8                   2 6         7560
  1 0 1 0 6 8                   3 5         718
  1 0 1 0 5 11                  5 6         1377600
  1 0 1 1 2 7                   3 4         408
  1 0 1 2 2 6                   3 3 0       20
  1 0 1 0 1 6                   3 2 1       30
  1 0 1 1 3 6                   1 3 2       540
  1 0 1 0 6 7                   3 4         180
  1 0 2 1 0 4                   2 6         1972
  1 0 1 0 0 6                   5 1 0       1
  1 0 1 0 1 6                   0 4 2       1086
  1 0 1 0 2 6                   0 5 1       106
  1 0 1 0 5 6                   3 3 0       16
  1 0 1 0 10 11                 4 7         495600
  1 0 1 0 1 6                   3 1 2       30
  1 0 1 0 0 6                   1 4 1       124
  1 0 1 0 9 10                  3 7         10116
  1 0 1 1 2 10                  4 6         651840
  1 0 1 0 7 8                   2 6         1698
  1 0 1 2 3 11                  4 7         1629600
  1 0 1 0 0 9                   3 6         3736
  1 0 1 0 2 7                   3 4         318
  1 0 1 2 2 6                   1 1 4       306
  1 0 1 0 5 8                   3 5         386
  1 0 1 0 0 6                   4 0 2       5
  1 0 1 0 2 6                   2 0 4       168
  1 0 1 0 5 8                   2 6         2018
  1 0 1 0 2 6                   2 1 3       60
  1 0 1 0 5 6                   0 6 0       87
  1 0 1 0 4 6                   1 2 3       600
  1 0 1 0 5 6                   0 1 5       60
  1 0 1 0 3 10                  4 6         551040
  1 0 1 0 2 6                   4 0 2       10
  1 0 1 0 5 6                   0 5 1       60
  1 0 1 0 2 6                   1 4 1       306
  1 0 1 0 5 8                   4 4         5970
  1 0 1 0 2 6                   5 1 0       1
  1 0 1 2 2 6                   3 1 2       40
  1 1 2 1 0 2                   2 2         2
  1 0 1 0 0 10                  5 5         25200
  1 0 1 0 0 6                   2 1 3       30
  1 0 1 0 4 6                   0 5 1       106
  1 0 2 0 0 2                   2 2         4
  1 0 1 1 3 6                   4 2 0       8
  1 0 1 1 2 6                   1 2 3       780
  1 0 1 2 3 6                   0 0 6       160
  1 0 1 4 4 10                  4 6         551040
  1 0 1 0 7 8                   3 5         400
  1 0 1 0 4 6                   0 2 4       1680
  1 0 2 0 2 4                   3 5         386
  1 0 1 0 4 10                  4 6         551040
  1 0 1 2 3 6                   1 2 3       540
  1 0 1 4 5 10                  5 5         55512
  1 0 1 2 3 6                   4 2 0       11
  1 1 2 1 0 4                   3 5         262
  1 0 2 0 0 4                   4 4         11760
  1 0 1 0 3 6                   0 2 4       1680
  1 0 1 1 2 11                  5 6         1629600
  1 0 1 2 3 6                   2 2 2       540
  1 0 1 2 3 6                   1 1 4       276
  1 0 1 1 2 10                  3 7         29436
  1 0 1 2 2 6                   0 3 3       300
  1 0 3 1 0 3                   3 6         3404
  1 0 1 0 3 11                  4 7         1377600
  1 0 1 0 3 10                  3 7         23520
  1 0 1 0 2 6                   0 4 2       1680
  1 0 1 2 3 6                   6 0 0       1
  1 0 1 0 5 6                   1 4 1       170
  1 0 1 2 3 8                   2 6         2482
  1 0 1 0 5 6                   4 1 1       3
  1 0 1 0 1 6                   0 2 4       1086
  1 0 1 0 6 8                   2 6         3920
  1 0 1 0 1 8                   2 6         2538
  1 0 1 1 3 10                  5 5         136080
  1 0 1 0 2 6                   3 1 2       40
  1 0 1 0 2 6                   1 2 3       600
  1 0 1 2 3 6                   4 1 1       3
  1 0 1 2 2 6                   5 1 0       1
  1 0 1 0 2 11                  4 7         1377600
  1 0 1 2 3 6                   0 3 3       276
  1 0 1 0 4 6                   4 0 2       10
  1 0 1 0 3 8                   2 6         2006
  1 0 1 0 0 6                   3 3 0       10
  1 0 1 0 1 7                   2 5         228
  1 0 1 0 5 6                   5 1 0       1
  1 0 1 2 3 6                   3 0 3       22
  1 0 1 0 5 6                   2 0 4       99
  1 0 1 0 3 6                   6 0 0       1
  1 0 1 0 5 6                   6 0 0       1
  1 0 1 2 2 6                   2 0 4       168
  1 0 1 0 6 10                  4 6         551040
  1 0 1 1 3 6                   1 5 0       96
  1 0 1 0 4 6                   5 0 1       1
  1 0 1 0 3 6                   2 2 2       600
  1 0 1 1 2 6                   1 4 1       396
  1 0 1 0 1 6                   2 0 4       124
  1 0 1 2 3 8                   3 5         482
  1 0 1 2 3 10                  4 6         325920
  1 0 1 0 3 6                   4 1 1       3
  1 0 1 0 3 6                   2 3 1       60
  1 1 3 2 0 3                   4 5         9872
  1 0 1 0 3 6                   0 3 3       300
  1 0 1 0 4 6                   2 3 1       60
  1 0 1 2 3 6                   1 5 0       96
  1 0 1 0 0 6                   6 0 0       1
  1 0 1 1 2 6                   0 1 5       136
  1 0 1 4 4 10                  5 5         70560
  1 0 1 0 1 4                   1 3         5
  1 0 1 0 3 9                   4 5         31360
  1 0 2 0 2 4                   2 6         2028
  1 0 1 0 6 10                  5 5         70560
  1 0 1 0 3 6                   1 1 4       306
  1 0 1 0 3 8                   3 5         380
  1 0 1 2 3 6                   0 1 5       96
  1 0 1 0 0 8                   4 4         4200
  1 0 1 0 0 8                   3 5         292
  1 0 1 0 0 6                   0 2 4       600
  1 0 1 0 8 10                  3 7         23520
  1 0 1 0 2 10                  4 6         551040
  1 0 1 2 3 6                   5 0 1       1
  1 0 1 2 2 6                   4 1 1       3
  1 0 1 0 4 6                   2 2 2       600
  1 0 1 0 1 9                   4 5         20160
  1 0 1 3 4 8                   3 5         340
  1 0 1 0 1 11                  3 8         206340
  1 0 1 2 2 6                   2 4 0       168
  1 0 1 0 0 7                   3 4         132
  1 0 1 2 3 6                   1 3 2       540
  1 0 1 2 7 10                  5 5         88236
  1 0 1 0 0 6                   4 1 1       3
  1 0 1 0 0 11                  4 7         470400
  1 0 1 0 2 6                   1 5 0       106
  1 0 1 0 1 6                   2 2 2       420
  1 0 1 0 6 10                  3 7         23520
  1 0 1 0 3 6                   5 0 1       1
  1 0 1 1 3 6                   2 4 0       154
  1 0 2 1 2 4                   3 5         654
  1 1 3 2 0 3                   3 6         3342
  1 0 1 0 1 6                   1 0 5       76
  1 0 1 2 3 11                  5 6         1629600
  1 0 1 0 8 9                   4 5         13440
  1 0 1 2 3 10                  3 7         14718
  1 0 1 2 3 6                   2 4 0       156
  1 0 1 0 5 10                  3 7         23520
  1 0 1 0 5 6                   3 1 2       30
  1 0 1 0 0 6                   5 0 1       1
  1 0 1 2 3 9                   3 6         13070
  1 0 1 1 2 6                   4 2 0       13
  1 0 1 0 2 6                   4 2 0       10
  1 0 1 1 2 6                   2 4 0       214
  1 0 1 0 2 6                   3 0 3       20
  1 0 1 2 2 6                   1 2 3       600
  1 0 1 1 2 6                   1 3 2       780
  1 0 1 1 3 6                   1 0 5       96
  1 0 1 0 4 6                   3 3 0       20
  1 0 1 1 3 7                   2 5         186
  1 0 1 0 5 6                   3 2 1       30
  1 0 1 0 5 6                   1 1 4       170
  1 0 1 0 10 11                 5 6         495600
  1 0 1 0 3 4                   2 2         5
  1 0 1 0 1 6                   3 3 0       16
  1 0 1 0 5 10                  4 6         551040
  1 0 1 0 3 6                   0 6 0       188
  1 0 1 1 3 6                   5 1 0       1
  1 1 2 1 0 4                   2 6         1300
  1 0 1 0 0 4                   1 3         3
  1 0 1 0 8 9                   3 6         4482
  1 0 1 1 2 4                   2 2         4
  1 0 1 1 2 6                   3 0 3       26
  1 0 1 0 4 6                   1 1 4       306
  1 0 1 0 1 6                   1 4 1       216
  1 0 1 0 4 6                   6 0 0       1
  1 0 1 0 2 10                  5 5         70560
  1 0 1 2 3 6                   5 1 0       1
  1 0 1 0 0 6                   2 2 2       240
  1 0 1 2 2 6                   0 0 6       188
  1 0 1 1 3 11                  5 6         2721600
  1 0 1 0 4 6                   4 1 1       3
  1 0 1 0 4 10                  3 7         23520
  1 0 1 3 4 8                   2 6         1578
  1 0 1 0 5 10                  5 5         70560
  1 0 1 0 0 6                   0 3 3       120
  1 0 1 0 2 6                   0 0 6       188
  1 0 1 0 0 8                   2 6         1400
  1 0 1 0 10 11                 3 8         124320
  1 0 2 0 0 4                   2 6         3920
  2 0 2 0 0 2                   2 6         357
  1 1 2 3 0 4                   3 5         344
  1 0 1 0 2 4                   1 3         6
  1 0 1 1 5 10                  4 6         544320
  1 0 1 0 3 6                   3 2 1       40
  1 0 1 1 2 6                   0 0 6       241
  1 0 1 1 3 6                   1 2 3       540
  1 0 1 0 1 2                   1 1         1
  1 0 1 0 5 6                   3 0 3       16
  1 0 1 0 2 11                  5 6         1377600
  1 0 1 2 3 10                  5 5         44118
  1 0 1 1 2 8                   4 4         14718
  1 0 1 0 2 11                  3 8         344940
  1 0 1 2 2 6                   2 1 3       60
  1 0 1 0 4 8                   4 4         11760
  1 0 1 2 2 6                   2 2 2       600
  1 0 1 0 9 10                  5 5         30276
  1 0 1 1 2 7                   2 5         408
  2 0 2 0 0 2                   4 4         1008
  1 0 1 1 2 6                   1 5 0       136
  1 0 1 0 4 6                   2 0 4       168
  1 0 1 0 4 6                   0 6 0       188
  1 0 1 1 3 6                   2 3 1       46
  1 0 1 0 0 9                   4 5         11200
  1 0 1 1 2 10                  5 5         88236
  1 0 1 1 3 6                   2 1 3       46
  1 0 1 2 3 9                   4 5         39200
  1 0 1 0 0 6                   2 3 1       30
  1 0 1 0 1 6                   4 0 2       8
  1 0 1 1 2 6                   0 6 0       241
  1 0 1 0 0 6                   3 2 1       20
  1 0 1 0 9 10                  4 6         198240
  1 0 1 1 4 10                  3 7         45360
  1 0 1 0 0 7                   2 5         132
  1 0 2 0 2 4                   4 4         5988
  1 0 1 1 3 6                   2 0 4       154
  1 0 1 0 4 6                   2 1 3       60
  1 0 1 0 3 6                   0 1 5       106
  1 0 1 0 5 6                   5 0 1       1
  1 0 1 1 3 6                   3 0 3       16
  1 0 1 0 7 11                  5 6         1377600
  1 0 1 0 2 6                   0 1 5       106
  1 1 2 1 0 2                   1 3         2
  1 0 2 1 0 4                   4 4         5796
  1 0 1 0 3 8                   4 4         5934
  1 0 1 0 1 6                   0 6 0       127
  1 0 1 2 2 6                   1 3 2       600
  1 0 1 0 1 10                  4 6         329280
  1 0 1 0 4 6                   0 3 3       300
  1 0 1 1 3 6                   1 4 1       276
  1 1 2 3 0 4                   2 6         1594
  1 0 1 0 1 6                   1 2 3       420
  1 0 1 0 2 6                   1 3 2       600
  1 0 1 0 2 6                   2 4 0       168
  1 0 2 0 0 2                   1 3         4
  1 0 1 2 2 6                   0 1 5       106
  1 0 1 1 3 6                   3 3 0       16
  1 0 1 1 2 6                   5 0 1       1
  1 0 1 1 2 6                   3 1 2       50
  1 0 1 0 2 6                   1 0 5       106
  1 0 1 0 5 6                   0 3 3       168
  1 0 1 0 3 6                   1 0 5       106
  1 0 1 1 3 11                  4 7         2721600
  1 0 1 0 4 8                   2 6         3920
  1 0 1 0 7 8                   4 4         5058
  1 0 1 1 2 11                  3 8         407940
  1 0 1 0 5 6                   2 2 2       330
  1 0 1 0 6 9                   3 6         10456
  2 0 2 0 0 2                   3 5         72
  1 0 1 1 3 6                   3 1 2       30
  1 0 1 1 4 11                  5 6         2721600
  1 0 1 0 3 6                   2 4 0       168
  1 0 1 0 4 6                   3 2 1       40
  1 0 1 0 3 6                   1 3 2       600
  1 0 1 0 4 8                   3 5         718
  1 0 1 0 0 10                  3 7         8400
  1 0 1 0 1 6                   0 5 1       76
  1 0 1 0 1 10                  5 5         45396
  1 0 1 0 0 6                   0 6 0       68
  1 0 1 0 3 7                   3 4         318
  1 0 1 0 3 9                   3 6         10456
  1 0 1 0 2 3                   1 2         3
  1 0 1 2 3 6                   3 1 2       40
  1 0 1 0 2 9                   3 6         10456
  1 0 1 1 3 10                  4 6         1088640
  1 0 1 2 4 10                  5 5         136080
  1 0 1 1 3 9                   4 5         60480
  1 0 1 4 5 10                  3 7         18552
  1 0 1 1 3 7                   3 4         186
  1 0 1 0 1 6                   2 3 1       46
  1 0 1 0 1 11                  4 7         823200
  1 0 1 0 3 7                   2 5         318
  1 0 1 0 5 6                   1 0 5       60
  1 0 1 2 3 6                   3 2 1       40
  1 0 1 0 4 6                   2 4 0       168
  1 0 1 0 5 6                   1 3 2       330
  1 0 1 0 0 4                   2 2         3
  1 0 1 2 2 6                   0 4 2       1680
  1 0 1 1 2 8                   3 5         928
  1 0 1 1 5 10                  3 7         22716
  1 0 1 1 2 6                   5 1 0       1
  1 0 1 0 2 6                   0 6 0       188
  1 0 1 1 2 6                   4 0 2       13
  1 0 1 0 5 11                  4 7         1377600
  1 0 1 1 3 6                   0 4 2       1626
  1 0 1 0 1 6                   3 0 3       16
  1 0 1 1 2 5                   2 3         8
  1 0 1 0 4 9                   3 6         10456
  1 0 1 0 2 8                   3 5         718
  1 0 1 0 4 5                   2 3         10
  1 0 1 1 4 10                  4 6         1088640
  1 0 1 1 2 6                   2 1 3       76
  1 0 1 0 5 6                   2 4 0       99
  1 0 1 1 3 9                   3 6         20164
  1 0 1 0 3 6                   4 2 0       10
  1 0 1 0 4 6                   1 0 5       106
  1 0 1 2 3 6                   0 4 2       1332
  1 0 1 1 3 6                   4 0 2       8
  1 0 2 1 2 4                   4 4         11376
  1 0 1 1 2 6                   3 2 1       50
  1 0 1 0 3 6                   0 0 6       188
  1 0 1 1 2 6                   0 4 2       2106
  1 0 1 0 2 6                   3 2 1       40
  1 0 1 2 2 6                   0 6 0       188
  1 0 1 0 1 6                   5 0 1       1
  1 0 1 0 2 5                   2 3         12
  1 0 1 0 4 6                   1 5 0       106
  1 0 1 0 4 10                  5 5         70560
  1 0 1 1 3 10                  3 7         45360
  1 0 1 1 2 6                   0 5 1       136
  1 0 1 0 1 9                   3 6         6722
  1 0 1 0 1 6                   6 0 0       1
  1 0 1 1 3 6                   0 2 4       1626
  1 0 1 0 3 6                   1 5 0       106
  1 0 1 2 2 6                   3 0 3       20
  1 0 1 0 5 6                   2 1 3       46
  1 0 1 2 2 6                   1 4 1       306
  1 0 1 1 3 6                   2 2 2       540
  1 0 1 1 3 6                   0 5 1       96
  1 0 1 0 0 10                  4 6         188160
  1 0 1 2 3 6                   0 2 4       1332
  1 0 1 0 4 6                   4 2 0       10
  1 0 1 0 3 11                  3 8         344940
  1 0 1 0 7 11                  3 8         344940
  1 0 1 0 5 6                   4 0 2       8
  1 0 1 0 0 6                   2 4 0       72
  1 0 1 0 5 11                  3 8         344940
  1 0 1 0 1 6                   1 5 0       76
  1 0 1 0 0 6                   0 1 5       44
  1 0 1 1 3 11                  3 8         680940
  1 0 2 1 0 4                   3 5         354
  1 0 1 0 1 6                   0 3 3       212
  1 0 1 0 2 6                   1 1 4       306
  1 0 1 0 1 6                   4 1 1       3
  1 0 1 2 3 6                   2 0 4       156
  1 0 1 0 3 10                  5 5         70560
  1 0 1 0 6 9                   4 5         31360
  1 0 1 4 4 10                  3 7         23520
  1 0 1 0 2 6                   2 3 1       60
  1 0 1 0 2 6                   4 1 1       3
  1 0 1 0 0 6                   1 3 2       240
  1 0 1 0 0 6                   1 0 5       44
  1 0 1 1 2 8                   2 6         4918
  1 0 1 1 2 6                   3 3 0       26
  1 0 1 2 2 6                   6 0 0       1
  1 0 1 0 0 6                   1 1 4       124
  1 0 1 2 2 6                   1 0 5       106
  1 0 1 1 2 6                   2 0 4       214
  1 0 1 0 2 6                   6 0 0       1
  1 0 1 0 3 6                   3 0 3       20
  1 0 1 0 4 6                   3 1 2       40
  1 0 1 1 4 10                  5 5         136080
  1 0 1 1 3 6                   5 0 1       1
  1 0 1 2 3 6                   3 3 0       22
  1 0 1 0 3 11                  5 6         1377600
  1 0 1 0 2 10                  3 7         23520
  1 0 1 0 0 3                   1 2         2
  1 0 1 0 4 6                   0 0 6       188
  1 0 1 0 7 11                  4 7         1377600
  1 0 1 0 2 8                   2 6         3920
  1 0 1 2 2 6                   2 3 1       60
  1 0 1 1 2 9                   3 6         13070
  1 0 1 0 3 6                   3 1 2       40
  1 0 1 0 1 6                   1 1 4       216
  1 0 1 1 4 11                  3 8         680940
  1 0 1 1 2 6                   1 0 5       136
  1 0 1 0 5 6                   2 3 1       46
  1 0 1 0 5 6                   4 2 0       8
  1 0 1 0 2 6                   5 0 1       1
  1 0 1 0 0 6                   1 5 0       44
  1 1 2 1 0 4                   4 4         3792
  1 0 1 1 4 8                   3 5         354
  1 0 1 0 1 8                   3 5         508
  1 0 1 0 5 6                   1 2 3       330
  1 0 1 0 1 6                   4 2 0       8
  1 0 1 0 2 7                   2 5         318
  1 0 1 0 4 6                   0 1 5       106
  1 0 1 0 0 6                   3 0 3       10
  1 0 1 0 2 6                   0 2 4       1680
  1 0 1 0 3 4                   1 3         5
  1 0 1 0 6 7                   2 5         180
  1 0 1 2 4 10                  4 6         1088640
  1 0 1 1 4 8                   4 4         5778
